<?xml version="1.0"?>
<opencv_storage>
<timestamp>1449251701</timestamp>
<datetime>"12/04/15 18:55:01"</datetime>
<Punktematrix type_id="opencv-matrix">
  <rows>1</rows>
  <cols>1</cols>
  <dt>i</dt>
  <data>
    20</data></Punktematrix>
<PunktematrixXYZ type_id="opencv-matrix">
  <rows>20</rows>
  <cols>3</cols>
  <dt>i</dt>
  <data>
    00 370 2480 00 1510 2320 00 2870 2260 00 630 1550 00 1700 1710 00 2540 1490 00 270 780 00
    1530 370 00 3080 460 680 00 1930 1770 00 1210 3710 0 800 1000 00 280 2090 00 2500 3440 00
    2120 6050 2330 1750 4650 1120 1680 3640 1120 810 2250 2330 1150 1340 1120 1310</data></PunktematrixXYZ>
<Pixelmatrix type_id="opencv-matrix">
  <rows>20</rows>
  <cols>2</cols>
  <dt>i</dt>
  <data>
    1004 737 828 711 625 697 961 596 802 618 676 583 1015 484 829 427
    608 439 1071 645 1096 489 1165 277 1071 365 1110 726 1165 608 378
    291 889 412 889 287 656 452 888 520</data></Pixelmatrix>
</opencv_storage>
