<?xml version="1.0"?>
<opencv_storage>
<timestamp>1449251614</timestamp>
<datetime>"12/04/15 18:53:34"</datetime>
<Punktematrix type_id="opencv-matrix">
  <rows>1</rows>
  <cols>1</cols>
  <dt>i</dt>
  <data>
    20</data></Punktematrix>
<PunktematrixXYZ type_id="opencv-matrix">
  <rows>20</rows>
  <cols>3</cols>
  <dt>i</dt>
  <data>
    00 370 2480 00 1510 2320 00 2870 2260 00 630 1550 00 1700 1710 00 2540 1490 00 270 780 00
    1530 370 00 3080 460 680 00 1930 1770 00 1210 3710 0 800 1000 00 280 2090 00 2500 3440 00
    2120 6050 2330 1750 4650 1120 1680 3640 1120 810 2250 2330 1150 1340 1120 1310</data></PunktematrixXYZ>
<Pixelmatrix type_id="opencv-matrix">
  <rows>20</rows>
  <cols>2</cols>
  <dt>i</dt>
  <data>
    367 391 259 377 118 376 338 301 238 318 152 295 367 230 251 189 96
    192 421 328 462 234 574 117 422 160 487 375 570 308 393 104 506 195
    426 113 210 206 329 252</data></Pixelmatrix>
</opencv_storage>
