<?xml version="1.0"?>
<opencv_storage>
<timestamp>1451299917</timestamp>
<datetime>"Mon Dec 28 11:51:57 2015"</datetime>
<frameMaskRect>
  0 0 0 0</frameMaskRect>
<cameraMatrix type_id="opencv-matrix">
  <rows>3</rows>
  <cols>3</cols>
  <dt>d</dt>
  <data>
    1.3544336517339023e+03 0. 6.3950000000000000e+02 0.
    1.3544336517339023e+03 4.7950000000000000e+02 0. 0. 1.</data></cameraMatrix>
<distCoeffs type_id="opencv-matrix">
  <rows>5</rows>
  <cols>1</cols>
  <dt>d</dt>
  <data>
    -3.0040511674837511e-01 -1.8739364281761625e-01 0. 0.
    2.5359060631956609e+00</data></distCoeffs>
<rvecs type_id="opencv-matrix">
  <rows>3</rows>
  <cols>1</cols>
  <dt>d</dt>
  <data>
    -1.3613888037374329e+00 1.4184931792934585e+00
    1.1765811917143723e+00</data></rvecs>
<tvecs type_id="opencv-matrix">
  <rows>3</rows>
  <cols>1</cols>
  <dt>d</dt>
  <data>
    1.8055739915070126e+03 -8.4433420374366051e+02
    9.1251084619590256e+03</data></tvecs>
<positionVector>
  8955. 1100. 2900.</positionVector>
<viewingCenter>
  0. 1780. 910.</viewingCenter>
<viewingRight>
  0. 6430. 1050.</viewingRight>
</opencv_storage>
