<?xml version="1.0"?>
<opencv_storage>
<timestamp>1451299917</timestamp>
<datetime>"Mon Dec 28 11:51:57 2015"</datetime>
<frameMaskRect>
  0 0 0 0</frameMaskRect>
<cameraMatrix type_id="opencv-matrix">
  <rows>3</rows>
  <cols>3</cols>
  <dt>d</dt>
  <data>
    8.6398990047143036e+02 0. 3.1950000000000000e+02 0.
    8.6398990047143036e+02 2.3950000000000000e+02 0. 0. 1.</data></cameraMatrix>
<distCoeffs type_id="opencv-matrix">
  <rows>5</rows>
  <cols>1</cols>
  <dt>d</dt>
  <data>
    1.3392145366499965e-02 -4.1782588839462909e+00 0. 0.
    2.1980263488194488e+01</data></distCoeffs>
<rvecs type_id="opencv-matrix">
  <rows>3</rows>
  <cols>1</cols>
  <dt>d</dt>
  <data>
    -1.4709465660039818e+00 1.1482049741807090e+00
    8.7357620126723912e-01</data></rvecs>
<tvecs type_id="opencv-matrix">
  <rows>3</rows>
  <cols>1</cols>
  <dt>d</dt>
  <data>
    7.0197298432589389e+02 -8.5763663929274799e+02
    9.5900653171721824e+03</data></tvecs>
<positionVector>
  8950. 3510. 2900.</positionVector>
<viewingCenter>
  0. 810. 920.</viewingCenter>
<viewingRight>
  0. 3920. 990.</viewingRight>
</opencv_storage>
