<?xml version="1.0"?>
<opencv_storage>
<timestamp>1452164160</timestamp>
<datetime>"01/07/16 11:56:00"</datetime>
<frameMaskRect>
  209 143 895 705</frameMaskRect>
<cameraMatrix type_id="opencv-matrix">
  <rows>3</rows>
  <cols>3</cols>
  <dt>d</dt>
  <data>
    1.3544336517339023e+003 0. 6.3950000000000000e+002 0.
    1.3544336517339023e+003 4.7950000000000000e+002 0. 0. 1.</data></cameraMatrix>
<distCoeffs type_id="opencv-matrix">
  <rows>5</rows>
  <cols>1</cols>
  <dt>d</dt>
  <data>
    -3.0040511674837511e-001 -1.8739364281761625e-001 0. 0.
    2.5359060631956609e+000</data></distCoeffs>
<rvecs type_id="opencv-matrix">
  <rows>3</rows>
  <cols>1</cols>
  <dt>d</dt>
  <data>
    -1.3613888037374329e+000 1.4184931792934585e+000
    1.1765811917143723e+000</data></rvecs>
<tvecs type_id="opencv-matrix">
  <rows>3</rows>
  <cols>1</cols>
  <dt>d</dt>
  <data>
    1.8055739915070126e+003 -8.4433420374366051e+002
    9.1251084619590256e+003</data></tvecs>
<positionVector>
  8955. 1100. 2900.</positionVector>
<viewingCenter>
  0. 1780. 910.</viewingCenter>
<viewingRight>
  0. 6430. 1050.</viewingRight>
</opencv_storage>
