<?xml version="1.0"?>
<opencv_storage>
<timestamp>1452164160</timestamp>
<datetime>"01/07/16 11:56:00"</datetime>
<frameMaskRect>
  6 9 631 462</frameMaskRect>
<cameraMatrix type_id="opencv-matrix">
  <rows>3</rows>
  <cols>3</cols>
  <dt>d</dt>
  <data>
    8.6398990047143036e+002 0. 3.1950000000000000e+002 0.
    8.6398990047143036e+002 2.3950000000000000e+002 0. 0. 1.</data></cameraMatrix>
<distCoeffs type_id="opencv-matrix">
  <rows>5</rows>
  <cols>1</cols>
  <dt>d</dt>
  <data>
    1.3392145366499965e-002 -4.1782588839462909e+000 0. 0.
    2.1980263488194488e+001</data></distCoeffs>
<rvecs type_id="opencv-matrix">
  <rows>3</rows>
  <cols>1</cols>
  <dt>d</dt>
  <data>
    -1.4709465660039818e+000 1.1482049741807090e+000
    8.7357620126723912e-001</data></rvecs>
<tvecs type_id="opencv-matrix">
  <rows>3</rows>
  <cols>1</cols>
  <dt>d</dt>
  <data>
    7.0197298432589389e+002 -8.5763663929274799e+002
    9.5900653171721824e+003</data></tvecs>
<positionVector>
  8950. 3510. 2900.</positionVector>
<viewingCenter>
  0. 810. 920.</viewingCenter>
<viewingRight>
  0. 3920. 990.</viewingRight>
</opencv_storage>
